M1069 360l0 4
M1101 364l1 -1 0 -24 1 -1 48 0 1 1 0 4 -1 1 0 22 -2 2
M1070 365l2 -1 26 0 2 1
M1068 366l-2 2 0 2 3 3 4 0 1 1 17 0
M1101 366l0 7
M1128 367l-1 -1 -18 0 -1 1 0 32
M1129 367l18 -1 2 2
M1128 368l0 28
M1149 368l0 16
M1092 375l0 52 -1 1 1 10
M1096 375l0 6 1 1 0 36 -1 1 0 19
M1101 375l0 63
M1150 385l1 1 0 117
M1148 386l-1 1 0 12
M1109 400l4 0 1 1 8 0 1 -1 4 0
M1129 400l17 0
M1108 401l0 38
M1128 401l0 38
M1147 401l0 38
M1091 439l-160 0 -1 1 -11 0 -1 1 -3 0 -3 2 -3 0 -4 2 -3 3 0 22 1 1 0 3
M1109 440l18 0
M1129 440l17 0
M1108 441l0 36 1 1
M1128 441l0 36
M1147 441l0 36
M1100 444l-9 0 -1 1 -62 0 -1 -1 -31 0 -1 1 -65 0 -1 -1 -6 0 -2 2 0 26
M1101 445l0 57
M1007 469l-13 0 -2 2 0 31
M1009 469l22 0
M1033 469l15 0 1 1 0 32
M1008 470l0 32
M1032 470l0 32
M922 473l26 0 1 1 0 28
M920 474l-2 -1 -1 1 -3 0 -1 1 -9 0
M921 475l0 8 1 1 0 7 -1 1 0 10
M903 476l-1 1 0 22 1 1 0 2
M1109 478l18 0
M1109 478l-1 1 0 31
M1129 478l17 0
M1128 479l0 31
M1147 479l0 32
M902 503l-44 0 -1 1 -18 0 -1 1 -2 0 -3 3 0 2 2 2
M904 503l16 0
M922 503l26 0
M950 503l41 0
M993 503l14 0
M1009 503l22 0
M1033 503l15 0
M1050 503l50 0
M1101 504l0 7
M1152 504l7 0 1 -1 20 0 1 1 3 0
M1186 504l4 0 1 -1 14 0 1 1 5 0 3 3 0 3 -2 2
M1151 505l0 5 1 1
M1185 505l1 4
M1187 510l20 1 1 1 2 0
M1109 511l18 0
M836 512l4 -2 21 0 2 2
M863 512l1 -1 2 0 1 1 56 0 1 -1 95 0 1 1 66 0 1 -1 4 0 1 1 8 0
M863 512l-1 1 0 9
M1108 512l0 30
M1129 512l17 0
M1152 512l-1 1 0 165
M1153 512l31 0
M835 513l0 9
M1101 513l0 61
M1128 513l0 29
M1147 513l0 29
M1185 513l0 7 1 2
M1211 513l0 7 1 1
M835 522l-1 1 -12 0 -1 1
M835 522l1 1 25 0
M1212 522l-1 1 -24 0
M1213 522l2 1 10 0
M1186 523l-1 1 0 24
M1227 523l9 0 2 2 0 24 1 1
M1736 523l-19 0 -1 1 0 15
M1738 523l26 0 1 1 0 4 1 1 0 3 -1 1 0 18 1 2
M821 524l-1 -1 -7 0 -3 2 0 4 -1 1 0 19
M821 524l0 24 1 1
M862 524l0 23
M1226 524l0 24
M1737 524l0 13 -1 2
M329 538l0 -14 -1 -1 -46 0 -2 2 0 11 1 1 0 13 -1 2
M309 539l-4 0 -1 1 -10 0 -1 1 0 4 1 1
M311 539l17 0
M330 539l69 0 1 1 3 0 2 2
M1715 540l-72 0 -1 1
M1717 540l18 0
M1737 540l15 0 2 4 0 2 -1 1
M645 541l-1 -1 -16 0 -1 1 0 15
M646 541l3 0 10 5 1 2
M1400 541l-4 1 -6 3 -3 3
M1402 541l1 -1 15 0 1 1 0 14
M190 542l-3 0 -1 -1 -20 0 -1 1 -14 0 -2 2 0 6 1 1
M192 542l2 0 1 1 0 12 1 1 78 0 5 -3
M405 542l2 0 4 4 1 2 0 7
M645 542l0 270 1 1 0 13 1 2
M1401 542l0 52 1 1 0 68 -1 1 0 164
M1641 542l-4 2 -3 3 0 2 -1 1 0 5
M1896 542l-43 0 -1 1
M191 543l0 8 -1 1
M1109 543l18 0
M1129 543l17 0
M1642 543l0 16 1 1 0 60 -1 1 0 228
M1852 543l-2 2 0 10 -1 1 -8 0 -1 1 -19 0 -1 -1 -48 0 -3 -2 -2 0
M1852 543l2 2 0 3 2 4
M1897 543l0 8
M1108 544l0 39
M1128 544l0 27 1 1 0 11
M1147 544l0 39
M294 546l109 0
M294 546l-1 1 0 8
M404 547l0 302
M1656 547l41 0 1 1 30 0 1 -1 11 0 1 1 5 0 1 -1 5 0
M861 548l-38 0 -1 1
M1753 548l1 8
M660 549l-4 2 0 23
M661 549l7 0 1 1 139 0
M862 549l0 23
M888 549l151 0
M1186 549l6 0 1 -1 26 0 1 1 5 0
M1386 549l-6 0 -1 1 -139 0
M1387 549l3 2 0 2 1 1 0 14 -1 1 0 6
M1185 550l0 22
M1226 550l0 22
M151 551l4 0 1 1 33 0
M821 551l0 21
M149 552l-8 0 -1 1 0 262 1 1
M1857 552l5 0 1 -1 32 0 1 1
M1898 552l5 0 3 4 0 14 1 1 0 22 -1 1 0 222 -1 1
M150 553l0 2 1 1 0 10
M190 553l0 8 2 2
M1856 553l0 7 -1 1
M1896 553l-1 2 0 47
M280 554l3 2 9 0
M1766 554l-2 2 -2 0 -1 1 -6 0
M793 555l15 0
M1239 555l12 0
M413 556l209 0 1 1 3 0
M809 556l0 5 1 1 0 13
M1238 556l0 19
M1419 556l-1 1 0 3 2 2 2 0 1 1
M1420 556l171 0 1 -1 40 1
M1634 556l2 2 0 3 -1 1
M293 557l0 4 -1 1
M627 558l0 2 -2 2
M1309 558l4 4
M1755 561l17 0 3 2
M291 562l-1 -1 -15 0 -2 2
M432 562l-17 0 -2 2 0 6 -1 1 -1 13 -1 1 1 15 2 2
M434 562l4 0
M440 562l3 0 1 -1 10 0 1 1
M456 562l4 0
M462 562l14 0
M478 562l4 0
M484 562l14 0
M505 562l13 0
M520 562l4 0
M526 562l15 0 2 2
M609 562l15 0
M1477 562l-13 0 -1 1 0 10 -2 2 -2 0 -3 -4 0 -8 -1 -1 -11 0 -1 1
M1479 562l4 0
M1485 562l14 0
M1506 562l15 0
M1528 562l15 0
M1549 562l14 0
M1569 562l1 -1 14 0 3 3
M1606 562l-16 0 -2 2
M1613 562l17 0 1 1
M1754 562l0 34 -1 1 0 4 2 2
M1854 562l-1 -1 -11 0 -1 1 -4 0 -1 1
M193 563l1 -1 17 0 1 1
M214 563l3 -2 12 0 2 2
M231 563l-1 1 0 8 1 1 2 0 1 -1 0 -7 -1 -1
M233 563l3 -2 13 0 2 2
M253 563l1 -1 4 0 1 -1 10 0 2 2
M292 563l0 38 -1 1
M433 563l-1 2 0 7 3 4 2 0 2 -3 0 -10
M455 563l0 10 2 2 3 0 1 -1 0 -11
M477 563l-1 2 0 6 3 4 2 0 1 -1 1 -11
M499 563l-1 2 0 7 2 3 3 0 1 -1 0 -11
M519 563l0 9 3 3 2 0 1 -1 0 -11
M602 563l-2 -1 -9 0 -1 1 -1 10 -2 2 -3 0 -1 -1 0 -2 -1 -1 0 -8 -3 -2 -5 0 -1 1 -3 0 -2 2 0 9 -2 2 -3 0 -1 -1 0 -11 -1 -1 -15 0 -2 2
M608 563l0 9 -2 2 -2 0 -1 -1 0 -9
M625 563l-1 1 0 36 -3 3 -2 0
M1423 563l1 -1 14 0 1 1
M1423 563l0 38 4 3
M1478 563l0 8 3 4 2 0 1 -1 0 -11
M1500 563l0 10 2 2 2 0 1 -1 0 -11
M1522 563l-1 2 0 6 4 5 2 -2 0 -11
M1544 563l-1 2 0 7 2 3 2 0 2 -4 0 -5 -1 -1 0 -2
M1564 563l0 9 2 3 2 0 1 -1 0 -11
M1607 563l-1 1 0 9 3 3 2 0 1 -1 0 -12
M1776 563l1 -1 16 0 1 1
M1796 563l1 -1 15 0 1 1
M1815 563l1 -1 15 0 1 1
M1815 563l2 4 0 3 -1 1 0 3 -1 1 -1 0 -2 -2 0 -8 1 -1
M1855 563l0 7 -1 1 0 24 1 1 0 4 -2 2 -4 1
M213 564l0 9 -1 2
M252 564l0 4 -1 1 1 4
M272 564l0 9 -1 2
M1439 564l-1 1 0 8 2 2 2 -1 1 -10
M1631 564l-1 1 0 8 2 1
M1635 564l-1 2 0 7 -1 1
M1795 564l0 11
M1832 564l0 9 2 1
M1836 564l0 9 -1 1
M543 565l0 4 1 2
M1587 565l1 6
M1776 565l1 1 0 7 -1 1 -2 0 -1 -1 0 -6 1 -1
M152 568l0 23 -1 1 0 191
M192 568l-1 1 0 31 2 2 3 0 4 2
M193 568l1 1 0 5 1 1
M822 573l39 0
M1186 573l39 0
M821 574l0 24
M862 574l0 24
M1185 574l0 24
M1226 574l0 24
M657 575l109 0 1 1 42 0
M884 575l2 0 1 -1 204 0 1 1 8 0
M1633 575l0 1 2 2 0 21 -2 2
M656 576l0 23
M1101 576l0 24
M1239 576l74 0 1 -1 54 0 1 1 20 0
M810 577l0 22 -1 1
M1238 577l0 21
M1390 577l0 22
M1109 584l18 0
M1146 584l-15 0 -1 1
M1108 585l0 31
M1147 585l0 31
M1128 586l0 30
M1736 594l4 1 3 3 1 2 0 5 -1 1
M822 599l39 0
M1005 599l-27 0 -1 1 -2 0
M1007 599l1 -1 28 0 2 1
M1040 599l31 0
M1073 599l5 0 1 1 16 0 1 1 4 0
M1186 599l39 0
M1239 599l148 0 2 1
M657 600l4 0 1 -1 73 0 1 1 20 0 1 -1 48 0 1 1 3 0
M809 600l1 1 0 4 -1 1
M821 600l0 77
M862 600l0 77
M968 600l-14 0 -1 1 -14 0 -1 1
M1006 600l0 4 1 1 0 23 -1 1 0 3
M1039 600l0 2 1 1 0 6 -1 1 0 16 1 1 0 5
M1072 600l0 32
M1185 600l0 77
M1226 600l0 77
M1238 600l0 7 1 1
M656 601l0 4 1 1
M969 601l0 31 1 1
M974 601l1 11
M1390 601l0 5
M414 602l98 0 1 1 4 0 1 1
M936 602l-13 0 -1 1 -9 0
M1101 602l0 31
M1632 602l-88 0 -1 1 -14 0 -1 1
M222 603l-2 1 -19 0
M223 603l2 -2 59 0 2 2
M286 603l4 0
M286 603l-4 3
M413 603l0 92 1 1 -1 87
M617 603l-93 0 -1 1 -4 0
M911 603l-6 0 -1 1 -12 0 -1 1 0 29 1 2
M937 603l0 5 1 1 0 17 -1 1 0 7
M1633 603l0 9 -1 1 0 165 1 1 0 4
M1848 603l-2 -2 -85 0 -3 3
M1871 603l23 0
M223 604l1 1 32 0 1 1 23 0
M291 604l1 2 0 15 1 1 0 19 -1 1 0 28
M618 604l0 66
M912 604l0 12
M1428 604l4 0 1 -1 93 1
M1755 604l-1 1 0 65
M1758 604l2 2 4 0
M1848 604l-2 2 -80 0
M1895 604l0 67
M200 605l-1 1 0 64
M518 605l0 11 1 1 0 12 -1 1 0 33 1 1 0 6
M1427 605l0 65
M1527 605l0 66
M658 606l6 0 2 1
M681 606l-13 0 -1 1
M683 606l6 0 1 1 27 0 1 -1 4 0 1 1 10 0 1 -1 51 0 1 1 10 0 1 -1 11 0
M281 607l0 6 -1 1
M657 607l0 7 1 1
M682 607l0 6
M1389 607l-10 0 -1 1 -4 0 -1 1 -2 0
M1765 607l0 6 1 1
M667 608l3 3 2 0 1 1 4 0 1 1
M1241 608l1 -1 87 0 1 -1 24 0 1 1 10 0 2 2
M1390 608l0 4
M1367 609l-3 3 -100 0
M1239 610l-1 1 0 60 1 1
M1240 610l2 2 15 0
M1370 610l-1 4
M808 611l-1 1 -15 0 -4 2
M809 611l1 1 0 58
M1258 613l0 16 1 1
M1389 613l-2 0 -2 2
M279 614l-2 1 -13 0 -1 1
M678 614l-2 3 0 6 1 1 0 44 -1 1
M683 614l16 0
M701 614l20 0
M723 614l20 0
M745 614l20 0 1 1
M787 614l-20 0 -1 1
M1390 614l0 5 -1 1 0 51 -1 1
M280 615l0 18
M700 615l0 18
M722 615l0 19
M744 615l0 19
M766 615l0 19
M788 615l0 4 1 1 0 14
M1368 615l-1 1 -17 0 -1 1
M1370 615l1 1 0 47 2 2
M1384 615l-3 0 -2 1 -4 4 0 43 -2 2
M1475 615l-16 0 -2 2
M1481 615l18 0 1 1
M1766 615l-1 1 1 17
M1767 615l18 0
M1787 615l14 0 1 1 0 17
M261 616l-1 -1 -15 0 -1 1 0 17
M589 616l-1 -1 -18 0 -2 2
M591 616l1 -1 11 0 1 -1 5 0 1 1 0 18
M659 616l4 0
M665 616l4 0 2 3 0 5 1 1 0 32 -1 1 0 10 1 1
M1263 616l-1 1 0 3 -1 1 0 8 -1 1
M1264 616l14 0 1 1 0 18
M1385 616l0 3 -1 1 0 35 1 1 0 10 -1 1 0 3
M1455 616l-1 -1 -18 0 -1 1 0 17
M1476 616l0 18
M1480 616l0 17
M1502 616l1 -1 14 0 1 -1 3 0 1 1 0 4 1 1 0 14
M1786 616l-1 2 0 2 1 1 0 12
M1824 616l-1 -1 -16 0 -1 1 0 17
M1824 616l-1 1 0 12 -1 1 0 3
M1826 616l1 -1 16 0 1 1 0 4 -1 1 0 12
M222 617l-2 -2 -16 0 -1 1 0 17
M223 617l2 -2 14 0 1 1 0 17
M262 617l0 16
M545 617l-2 -2 -5 0 -1 -1 -12 0 -2 2 0 3 1 1 0 13
M546 617l2 -2 17 0 2 2
M590 617l0 12 -1 1 0 3
M658 617l0 55
M664 617l0 12
M1109 617l18 0
M1129 617l17 0
M1347 617l-1 -1 -17 0 -1 1 0 9 -2 2
M1457 617l1 1 0 15
M1501 617l0 16
M1826 617l1 16
M545 618l0 15
M567 618l0 15
M1108 618l0 32
M1128 618l0 32
M1147 618l0 32
M1348 618l0 16
M1455 618l-1 1 0 15
M223 619l1 1 0 5 1 1 0 7
M221 620l-1 1 0 12
M974 623l0 8 1 1
M1782 623l0 10
M912 625l0 10
M1325 628l-1 -1 0 -10 -1 -1 -17 0 -1 1 0 17
M1326 629l0 4
M358 630l0 219
M976 633l29 0
M1007 633l30 0 1 1
M1041 633l27 0 2 1
M1073 633l27 1
M1689 633l0 4 -1 1 0 204 -1 1 0 6
M1704 633l0 216
M204 634l15 0
M226 634l13 0
M245 634l16 0
M263 634l16 0
M342 634l0 3 -1 1 0 21 1 1 -1 2 0 187
M525 634l19 0
M546 634l20 0
M568 634l16 0 1 1 3 0
M590 634l19 0
M701 634l5 0 1 1 14 0
M1006 634l0 10 1 1
M1283 634l0 -17 1 -1 16 0 1 1 0 17
M1436 634l15 0 2 1
M1459 634l14 0 2 1
M1481 634l19 0
M1502 634l13 0 1 1 6 0
M1767 634l14 0
M1787 634l14 0
M1807 634l14 0
M1828 634l14 0
M203 635l0 13
M220 635l0 13
M225 635l0 13
M240 635l0 13
M244 635l0 13
M262 635l0 13
M280 635l0 13
M524 635l0 13
M545 635l0 13
M567 635l0 13
M610 635l0 14
M700 635l0 13
M723 635l20 0
M746 635l19 0
M767 635l21 0
M936 635l-23 1
M938 635l9 0 1 -1 17 0 1 1 2 0
M975 635l-1 1 0 11
M1039 635l1 2 0 8
M1071 635l0 4 1 1 -1 6
M1101 635l0 12
M1261 635l16 0 1 1
M1284 635l16 0
M1306 635l17 0
M1328 635l19 0
M1435 635l0 13
M1458 635l0 13
M1480 635l0 13
M1501 635l0 13
M1766 635l0 2 -1 1 0 10
M1782 635l0 13
M1786 635l0 13
M1802 635l0 13
M1806 635l0 13
M1822 635l0 13 -1 1 -14 0
M1827 635l0 13
M1843 635l0 13
M589 636l0 12
M722 636l0 12
M745 636l-1 2 0 8 1 2
M766 636l1 2 0 3 -1 1 0 6
M789 636l0 13
M937 636l0 13
M969 636l0 10 1 1
M1260 636l0 12
M1283 636l0 4 1 1 0 7
M1301 636l0 12
M1305 636l0 13
M1324 636l0 12
M1327 636l0 13
M1348 636l0 13
M1454 636l0 12
M1476 636l0 4 1 1 0 7 -1 1
M1523 636l0 12
M893 637l14 0 1 -1 2 0 1 1
M1279 637l0 12
M892 638l-1 2 0 10 1 1
M912 638l0 2 1 1 0 5 -1 1 0 2
M1008 646l2 1 4 0
M1041 646l4 0 1 1 24 0
M1005 647l-30 1
M1026 647l12 0
M1072 647l28 1
M969 648l-15 0 -1 1 -13 0 -2 1
M1006 648l0 14
M1039 648l0 14
M1071 648l0 14
M204 649l15 0
M226 649l13 0
M245 649l16 0
M263 649l16 0
M525 649l19 0
M546 649l20 0
M568 649l20 0
M591 649l14 0 1 1 3 0
M701 649l20 0
M723 649l21 0
M746 649l4 0 1 1 10 0 1 -1 3 0
M970 649l-1 1 0 12
M974 649l0 2 1 1 -1 10
M1101 649l0 14
M1261 649l5 0 1 1 11 0
M1284 649l-1 1 0 13 -2 2
M1285 649l15 0
M1323 649l-12 0 -1 1 -4 0
M1436 649l17 0
M1459 649l16 0
M1481 649l19 0
M1502 649l20 0
M1766 649l15 0
M1787 649l14 0
M1828 649l14 0
M203 650l0 16 4 3
M220 650l0 18
M225 650l-1 2 0 16
M240 650l0 11 1 1
M244 650l0 10 -2 2
M262 650l0 18
M280 650l0 18 -1 1
M524 650l-1 1 0 15 3 3
M545 650l0 18
M567 650l0 18
M590 650l0 14 -1 1 0 3
M700 650l0 18
M722 650l0 18
M745 650l0 18
M767 650l21 0
M913 650l4 0 1 1 10 0 1 -1 7 0
M1301 650l0 17 -1 1
M1324 650l0 11 1 1
M1328 650l19 0
M1435 650l0 17 2 2
M1454 650l0 4 1 1 0 9 1 1
M1458 650l0 14 -1 1
M1476 650l1 1 0 7 1 1
M1480 650l0 8 -1 1
M1501 650l0 18
M1523 650l0 12 -1 1 0 4 -1 1
M1765 650l0 16 1 1 9 0 2 2
M1782 650l0 14 2 2
M1786 650l0 14 -2 2
M1802 650l0 12 1 1
M1806 650l0 12 -1 1
M1827 650l0 2 -1 1 0 11 -1 1
M1843 650l0 8 1 1 0 8 -1 1
M610 651l0 11 1 1 0 4 -1 1
M766 651l0 17 -1 1
M789 651l0 18
M911 651l-4 0 -1 1 -13 0
M937 651l0 13
M1109 651l18 0
M1129 651l17 0
M1279 651l0 12 2 2
M1305 651l0 16 2 2
M1327 651l0 10 -1 1
M1348 651l0 17 -1 1
M912 652l0 13
M1108 652l0 21 -1 1 0 10
M1128 652l0 30
M1147 652l0 32
M1823 652l0 12 1 1
M892 653l-1 2 0 12 1 1 5 0 1 -1 12 0 1 -1
M1259 653l-1 1 0 16
M1260 653l1 1 0 13 2 2
M664 660l0 10
M1479 660l0 8
M242 663l0 5
M968 663l-1 1 -21 0 -1 1 -7 0
M975 663l30 0
M1007 663l12 0
M1040 663l30 0
M1072 663l3 0 1 1 24 0
M1326 663l0 5
M1804 664l0 4
M936 665l-9 0 -1 1 -13 0
M1101 665l0 14
M1373 665l0 4
M1824 666l-1 1 -8 0 -2 2
M1825 666l1 1 9 0 2 2
M207 669l12 0
M207 669l-2 2 -5 0
M225 669l16 0
M243 669l18 0
M263 669l15 1
M526 669l18 0
M526 669l-2 2 -4 0
M546 669l20 0
M568 669l20 0
M590 669l19 0
M610 669l2 2 5 0
M700 669l-2 2 -21 0 -1 -1
M701 669l20 0
M723 669l21 0
M746 669l19 0
M765 669l1 1 22 0
M1263 669l17 0
M1263 669l-2 2 -2 0
M1282 669l17 0
M1307 669l18 0
M1307 669l-2 2 -4 0 -1 -1
M1327 669l20 0
M1347 669l2 2 22 0 1 -1
M1437 669l19 0
M1437 669l-2 2 -7 0
M1458 669l20 0
M1480 669l20 0
M1502 669l18 0
M1777 669l6 0
M1777 669l-2 2 -20 0
M1785 669l18 0
M1805 669l7 0
M1837 669l5 0
M1837 669l-2 2 -21 0 -1 -1
M279 670l1 1 11 0
M672 670l-1 1 -6 0
M789 670l1 1 19 0
M1374 670l4 2 3 0 2 -1
M1521 670l2 2 3 0
M1843 670l1 1 13 0 3 2 0 29 1 1 0 4 -3 2 -4 0 -1 1 -5 0 -1 1 -2 0 -1 -1 -76 0
M198 671l-9 0 -3 3 0 33 3 2 5 0 1 1 3 0 1 1
M519 671l-1 1 -6 0 -1 1 -13 1 -3 3 0 30 3 2 17 0 1 1 3 0
M619 671l3 0 4 2 0 15 1 1 0 7 -1 1 0 11 -1 1 -5 0 -1 1
M664 671l-1 1 -4 1
M1257 671l-17 0 -1 1
M1426 671l-4 1 -2 3 0 31 2 3 5 0 1 1
M292 672l0 37
M810 672l0 27
M1239 672l-1 1 0 24 1 2
M1528 672l20 2 2 2 0 31 -3 2 -15 0 -1 1 -3 0 -1 1
M1754 672l0 36
M1894 672l-20 1
M1895 673l0 110
M658 674l0 17 1 1 0 7
M1388 674l0 34 -1 1
M822 678l39 0
M1186 678l39 0
M821 679l0 27
M862 679l0 27
M1152 679l5 0 1 1 9 0
M1185 679l0 27
M1226 679l0 27
M882 680l79 0
M963 680l13 0 1 -1 101 0 1 1 4 0
M1085 680l15 0
M1151 680l0 28
M1101 681l0 27
M962 684l-1 1 0 117 1 2
M963 684l16 0 1 1 103 -1
M1084 684l1 1 0 22 1 1
M1108 685l19 0
M1129 685l17 0
M1107 686l0 29 1 1 0 6 1 1
M1128 686l0 36
M1147 686l0 36
M660 700l6 0
M802 700l7 0
M1240 700l22 0
M1277 700l75 0
M659 701l0 7
M810 701l0 7 -1 1
M1238 701l0 7
M822 707l39 0
M1186 707l39 0
M821 708l0 71
M862 708l0 69
M878 708l70 0 1 1 5 0
M1185 708l0 68
M1226 708l0 68 1 2
M660 709l134 0 1 -1 2 1 12 0
M809 709l1 1 0 4 -1 1
M1087 709l13 0
M1152 709l5 0 1 -1 2 0 1 1 4 0
M1239 709l128 0 1 -1 4 0 1 1 13 0
M1755 709l11 0 1 1
M279 710l-78 0 -1 1
M280 710l1 -1 2 0 1 1 7 0
M521 710l97 0
M1086 710l0 13 -1 1 0 47 1 1 0 27 -1 1 0 3
M1101 710l0 95 1 2
M1151 710l0 97
M1238 710l0 4 1 1
M1428 710l97 0 1 1
M1428 710l-1 1 0 67 1 2
M1754 710l0 13 -1 1 0 57
M280 711l1 1 0 9
M292 711l0 69
M520 711l0 5 -1 1 0 60 1 1 0 3
M619 711l0 2 -1 1 0 65 1 1
M659 711l-2 2 0 7 1 1
M659 711l2 2 6 3 2 0 3 2 5 1
M1388 711l1 1 0 52 1 1 0 13
M1767 711l-2 4
M199 712l0 66
M1386 712l-4 3 -12 5
M1527 712l0 68
M809 715l-127 0 -3 3
M809 715l1 1 0 5
M1239 715l124 0 2 1 2 2 0 1
M1239 715l-1 1 0 5 1 1
M678 720l-1 1 0 48 -3 3
M679 720l3 2 16 0 1 1
M1367 720l-2 2 -15 0 -1 1
M659 721l3 0 2 2
M1370 721l1 1 0 50 1 1
M280 722l-16 0 -1 1
M658 722l0 3 -1 1 0 52 1 1
M809 722l-18 0 -1 1
M1239 722l19 0 1 1
M1239 722l-1 1 0 54
M1767 722l-1 1 0 17
M1768 722l14 0 1 1
M1814 722l9 0 1 1
M241 723l-1 -1 -15 0 -2 2
M241 723l-1 1 0 16
M244 723l1 -1 15 0 1 1
M281 723l0 17
M589 723l-1 -1 -18 0 -1 1 0 17
M591 723l1 -1 17 0 1 1 0 17
M665 723l4 0 3 2 0 6 -1 1 0 36 3 4
M702 723l1 -1 17 0 2 2
M787 723l-1 -1 -17 0 -2 2
M810 723l0 47 -1 1 0 7
M1109 723l18 0
M1109 723l-1 1 0 33
M1129 723l17 0
M1261 723l1 -1 17 0 1 1
M1280 723l-1 1 0 16
M1283 723l1 -1 17 0 2 2
M1325 723l-1 -1 -18 0 -2 2
M1327 723l1 -1 18 0 1 1
M1455 723l-1 -1 -17 0 -2 3 0 15
M1455 723l-1 1 0 17
M1458 723l1 -1 17 0 2 2
M1500 723l-1 -1 -18 0 -2 2
M1502 723l1 -1 19 0 1 1 0 4 -1 1 0 12
M1807 723l0 2 -1 1 0 14
M1824 723l-1 1 0 13 -1 1 0 2 -1 1 -14 0
M1826 723l1 -1 15 0 1 1 0 17
M222 724l-2 -2 -14 0 -2 -1 -1 1 0 18
M244 724l0 16
M262 724l0 16
M545 724l-2 -2 -18 0 -1 1 0 11 -1 1 0 5
M546 724l2 -2 16 0 1 1 0 17
M590 724l0 14 -1 2
M664 724l0 10
M699 724l-1 1 0 26 1 1 -1 22 2 2
M702 724l0 15
M722 724l3 -2 17 0 2 2
M722 724l0 16
M745 724l2 -2 17 0 2 2
M787 724l0 16
M790 724l0 50 -1 1
M1128 724l0 33
M1147 724l0 33
M1260 724l0 16
M1283 724l1 16
M1326 724l0 15 -1 1
M1348 724l0 16
M1458 724l0 16
M1501 724l0 16
M1785 724l2 -2 14 0 1 1 0 17
M1785 724l1 1 0 15
M1826 724l1 16 1 1 14 0
M222 725l0 15
M545 725l0 15
M744 725l0 15
M766 725l0 15
M1479 725l1 1 0 14
M1783 725l-1 1 0 14
M1304 726l1 1 0 13
M1477 726l-1 1 0 13
M1004 727l-12 0 -1 1 -3 0 -1 1 0 18
M1006 727l35 0
M1043 727l18 0 2 2
M1302 727l-1 1 0 12
M1005 728l0 11 1 1 0 7
M1042 728l0 19
M1063 729l1 -1 0 -6 -1 -1 -79 0 -2 2 0 80
M1063 729l0 18
M204 741l17 0
M239 741l-14 0 -2 1
M245 741l9 0 1 1 6 0
M263 741l17 0
M524 741l20 0
M546 741l18 0
M570 741l18 0
M590 741l19 0
M721 741l-17 0 -1 1 0 6 -1 1 0 7
M723 741l20 0
M746 741l19 0
M767 741l19 0
M1261 741l17 0
M1285 741l15 0
M1306 741l18 0
M1327 741l20 0
M1436 741l14 0 1 1 2 0
M1459 741l16 0
M1476 741l1 1 0 14
M1481 741l19 0
M1502 741l19 0
M1767 741l14 0
M1787 741l14 0
M203 742l0 13
M240 742l0 13
M244 742l0 13
M281 742l0 9 -1 1 0 3
M523 742l0 13
M545 742l0 13
M565 742l0 9 1 1 0 3
M569 742l0 13
M589 742l0 13
M610 742l1 1 0 13
M722 742l0 13
M745 742l-1 13
M766 742l0 13
M787 742l0 5
M1260 742l0 13
M1279 742l0 13
M1284 742l0 10 -1 1 0 2
M1301 742l0 7 2 2
M1305 742l0 7 -2 2
M1326 742l0 13
M1348 742l0 13
M1435 742l0 13
M1458 742l0 14
M1480 742l0 13
M1501 742l0 13
M1522 742l0 14
M1766 742l0 13
M1782 742l0 13
M1786 742l0 13
M1802 742l0 13
M1806 742l0 14
M1843 742l0 14
M222 743l0 12
M262 743l0 13
M1454 743l0 12
M988 748l17 0
M1008 748l14 0
M1024 748l16 0
M1043 748l19 0
M987 749l0 28
M1007 749l0 4
M1023 749l0 2 1 1 0 21 -1 1 0 4
M1041 749l0 29
M1063 749l0 29
M1303 751l0 4
M1008 754l1 1 0 19 -2 2
M1006 755l0 9 -1 1 0 10 1 1
M204 756l17 0
M239 756l-14 0 -2 1
M245 756l2 0 1 1 13 0
M279 756l-13 0 -1 1 -2 0
M524 756l20 0
M565 756l-3 0 -1 1 -15 0
M570 756l18 0
M721 756l-2 0 -1 1 -15 0
M723 756l20 0
M767 756l19 0
M1261 756l17 0
M1284 756l18 0
M1304 756l21 0
M1327 756l20 0
M1436 756l17 0
M1481 756l19 0
M1767 756l14 0
M1787 756l14 0
M1821 756l-14 1
M203 757l0 18 1 1 16 0 1 -1
M240 757l0 18
M244 757l0 18
M280 757l0 18 -1 1 -16 0 -1 -1
M523 757l0 18 1 1 19 0 1 -1
M566 757l0 11 1 1
M569 757l0 11 -1 1
M591 757l19 0
M722 757l0 18
M745 757l20 0
M1260 757l0 19
M1279 757l0 18
M1283 757l0 18
M1303 757l0 6
M1326 757l0 18
M1348 757l0 19
M1435 757l0 18 1 1 19 0 1 -1
M1454 757l0 2 1 1 0 11 1 1
M1459 757l17 0
M1480 757l0 16 -1 1
M1502 757l10 0 1 -1 8 1
M1766 757l0 18 1 1 15 0 1 -1
M1782 757l0 17 1 1
M1786 757l0 17
M1802 757l0 16 1 1
M1822 757l1 2 0 13 1 1
M1828 757l14 0
M222 758l0 2 1 1 -1 13
M262 758l0 3 -1 1 1 12
M545 758l0 16
M590 758l-1 16
M611 758l0 12 -1 1 0 4 -1 1 -18 0 -1 -1
M702 758l0 17
M744 758l0 17
M766 758l0 17
M1109 758l18 0
M1129 758l17 0
M1458 758l0 13 -1 1
M1477 758l0 15 1 1
M1501 758l0 16
M1522 758l0 17 -1 1 -19 0 -1 -1
M1806 758l0 15 -1 1
M1827 758l0 3 -1 1 0 9 -2 2
M1843 758l0 17 -1 1 -16 0 -1 -1
M1108 759l0 13 1 1 18 0
M1128 759l0 13
M1147 759l0 13 -1 1 -17 0
M664 760l0 18
M1304 764l1 1 0 10 1 1
M1302 765l-1 1 0 9 -1 1
M787 769l0 6
M567 770l0 4
M674 772l0 4
M1373 773l2 -2 0 -39 1 -1 0 -6 3 -2 4 0 1 1 0 48 1 1 0 2
M223 775l1 1 15 0
M261 775l-2 1 -14 0
M546 775l1 1 18 0 1 -1
M567 775l1 1 19 0 1 -1
M1457 775l1 1 19 0 1 -1
M1479 775l1 1 19 0 1 -1
M1786 775l1 1 15 0 1 -1
M1805 775l1 1 16 0 1 -1
M700 776l-2 2 -22 0 -1 -1
M702 776l1 1 18 0 1 -1
M723 776l20 0
M745 776l20 0
M767 776l2 1 17 0 1 -1
M1279 776l-1 1 -17 0
M1283 776l1 1 15 0
M1325 776l-3 0 -1 1 -14 0
M1327 776l2 1 18 0
M1372 776l-2 2 -21 0 -1 -1
M1373 776l3 3 13 0
M673 777l-2 2 -6 0
M789 777l1 1 7 0 1 1 10 0
M1186 777l4 0 1 1 14 0 1 1 19 0
M1259 777l-1 1 -19 0
M1300 777l1 1 4 0 1 -1
M861 778l-19 0 -1 1 -18 0 -1 1
M988 778l17 0
M1185 778l0 6
M1237 778l-1 1 -8 0
M663 779l-4 1
M810 779l8 1 1 1
M862 779l0 4
M987 779l0 25 -2 2
M1010 779l12 0
M1024 779l16 0
M1042 779l20 0
M1006 780l-1 1 0 25 1 1
M1009 780l0 26 -1 1
M1023 780l0 4 1 1 0 22
M1041 780l0 27
M1063 780l0 23
M1390 780l0 2 1 1 0 26 -1 1 0 4 -1 1
M291 781l-94 0 -1 1 -4 0 -3 2
M618 781l-95 0 -2 1
M620 781l6 0 2 2 0 32 -1 1 -5 0 -1 1 -121 0 -1 -1 -2 0
M819 781l-3 3 -57 0 -1 -1 -23 0 -1 1 -30 0
M820 781l2 2 0 14
M1427 781l-6 0 -3 3 0 31 1 1 94 0 1 1 38 0
M1429 781l97 0
M1528 781l2 1 5 0 1 1 5 0 1 1 9 0
M292 782l0 33 -1 1
M519 782l-18 1 -1 1 -3 0 -1 1
M657 782l-1 1 0 13 -1 1 0 14 1 1 0 3 3 2
M659 782l3 2 13 0
M1754 782l96 0 1 1 6 0 1 1
M1227 783l3 0 1 1 70 0 1 -1 8 0 1 1 54 0
M1753 783l0 25 1 1 0 7
M152 784l36 0
M413 784l-1 1 0 29 4 3
M414 784l81 0 1 1
M861 784l-2 0 -6 6
M1226 784l0 2 -1 1 0 11
M1553 784l13 0 1 1 45 0 1 -1 19 0
M1859 784l35 0
M151 785l0 29 1 1
M189 785l-1 1 0 29
M496 785l0 30
M862 785l0 24
M1186 785l3 0 5 4
M1552 785l0 25 1 1 0 5
M1633 785l0 29 -1 1
M1858 785l0 30
M1895 785l0 29 -1 1
M1185 786l0 2 -1 1 0 13 1 1 0 5
M852 790l-2 0 -2 2 0 1 -3 2
M1195 790l2 0 7 6
M853 791l0 5 -1 1
M1194 791l0 5 1 1
M845 795l-1 -1 -3 0 -1 1 -4 0 -1 1 -4 0 -1 1 -7 1
M845 795l-1 1 0 2 -10 12 -1 2 0 5
M1204 796l1 -1 4 0 1 1 5 0 1 1 3 0 1 1 3 0 1 1
M1204 796l0 2 2 2 2 4 9 11 11 3 7 4 2 0 4 2 2 2 4 2 3 0 9 8 2 1 3 0
M851 798l-10 11 0 2 -2 4
M852 798l1 1 0 7 -1 1
M1195 798l-1 1 0 6
M1196 798l6 5 2 5
M822 799l-1 2 0 4
M1225 800l1 6
M981 804l-18 1
M1064 804l20 0
M1195 806l7 5
M851 807l-3 1 -3 5 -5 3
M1061 807l-2 2 -17 0 -1 -1
M1063 807l2 2 2 0 1 1 16 0 1 -1
M984 808l-2 2 -4 0 -1 -1 -14 0
M985 808l1 1 19 0 1 -1
M1008 808l1 1 13 0 1 -1
M1024 808l1 1 14 0 1 -1
M1102 808l-1 1 -15 0
M1103 808l47 0
M1151 808l1 1 32 0
M961 809l-90 0 -1 1 -7 0
M1186 809l2 1 4 0
M1205 809l3 2 4 8
M861 810l-6 0 -2 1
M1193 810l2 2 2 4
M852 811l-1 1 0 4
M782 812l-15 1 -4 3
M1203 812l0 2 2 4
M1288 815l1 1 8 0
M1379 815l-1 -1 -53 0 -2 2
M152 816l-1 1 -9 0
M153 816l34 0
M188 816l1 1 64 0 1 -1 32 0 1 1 3 0
M495 816l-70 0 -1 1 -8 0
M762 816l-1 -1 -9 0 -2 2 -2 0 -1 1 -2 0 -1 -1 -46 0 -1 -1 -31 0 -1 1 -6 0
M839 816l-4 2
M1299 816l5 0 1 -1 14 0 1 1 3 0
M1323 816l2 2 52 0 2 -2
M1380 816l8 0
M1631 816l-7 0 -1 1 -69 0
M1857 816l-89 0 -1 1 -12 0
M1859 816l34 0
M1894 816l1 1 6 0 1 1 2 0
M141 817l-1 1 0 9 1 1
M291 817l1 1 0 10
M416 817l-1 1 0 11 1 1
M659 817l-2 4 0 7
M850 817l-2 1 0 3
M852 817l10 0 1 -1 22 0 1 1 5 0 1 -1 254 0 1 1
M1147 817l1 -1 5 0 1 1 10 0 1 -1 24 0 1 1 6 0
M1298 817l2 4 1 -1 3 0 1 1
M1389 817l0 11
M1632 817l0 3 -1 1 0 6 -1 1
M832 818l-2 -2 -6 0 -1 1 -2 0 -18 10 -5 1 -1 2 -4 3 -4 2 -5 1
M1754 818l-1 2 0 7 1 1
M1905 818l1 1 0 8 -1 1
M1212 819l3 1 3 3
M1212 819l-1 2 1 1 0 3 2 4 6 5 4 1 1 1
M1145 820l-2 1 -6 0 -1 1 -20 0 -1 -1 -92 0 -1 1 -93 0 -1 -1 -28 0 -1 1
M1185 821l-25 0 -1 1 -9 0
M1199 821l-6 0 -1 1 -2 0
M1201 821l3 3 0 2
M1305 821l3 0 5 5
M832 822l-8 1 -4 3
M847 822l-4 4 0 1
M849 822l38 0 1 -1 7 0 2 1
M833 823l-2 7 -3 3 -4 1
M1220 823l3 0 3 3 0 7
M1219 824l1 1 0 3 1 1
M819 826l-7 3 -2 2 -4 2 -1 2
M820 827l1 1 0 4 2 2
M899 827l2 -1 2 0 1 1 8 0 1 1 11 0 1 -1 223 0
M1185 827l18 0
M1205 827l3 3 0 1
M844 828l24 0 1 -1 25 0 2 1
M1151 828l1 -1 4 0 1 1 12 0
M1151 828l0 4
M142 829l15 0 1 1
M175 829l-15 0 -1 1
M177 829l18 0
M197 829l6 0 1 1
M291 829l-23 0 -3 2
M481 829l-49 0 -1 1 -6 0
M483 829l18 0
M503 829l36 0
M541 829l17 0 1 1
M646 829l-16 0 -10 10
M656 829l-6 0 -1 1
M658 829l12 13
M731 829l-1 1 -5 0 -3 3 -4 1
M1235 829l9 5 4 4
M1389 829l-13 13
M1390 829l6 0 1 1
M1402 829l14 0 2 1 9 9
M1505 829l-17 0 -1 1
M1507 829l35 0
M1544 829l18 0
M1564 829l56 0
M1622 829l7 0
M1755 829l2 0 1 1 21 0
M1868 829l-16 0 -2 1
M1870 829l16 0 1 1
M1904 829l-2 0 -1 1 -14 0
M141 830l0 55 -1 1 0 2 1 1
M176 830l0 55
M196 830l0 72
M292 830l0 19
M417 830l1 -1 5 0 1 1
M482 830l0 73
M502 830l0 56
M540 830l0 56
M559 830l11 0 1 1
M559 830l-1 1 0 55
M1316 830l6 0 6 3
M1397 830l0 9 1 1 0 23 -1 1 0 22 -1 1 -3 0 -2 -2 -3 -8 -3 -3 0 -11 -1 -1 0 -3 -3 -6 0 -2 -2 -2 -3 -6
M1486 830l-2 -1 -6 0 -2 1 -6 6
M1506 830l0 10 -1 1 0 4 1 1 0 40
M1543 830l0 56
M1563 830l0 55
M1621 830l0 72
M1630 830l0 27 1 1 0 13 -1 1 0 19 1 1 0 10
M1754 830l0 11 -1 1 0 7
M1781 830l6 0 1 1 11 0
M1848 830l-1 -1 -3 0 -3 2
M1869 830l0 53
M1887 830l-1 1 0 52
M1905 830l0 12 -1 1 0 23 1 1 0 9 -1 1 0 3 1 1 0 7
M159 831l0 54
M205 831l5 0
M212 831l9 0
M223 831l19 0
M244 831l1 -1 5 0 2 1
M254 831l9 0
M416 831l-1 1 0 52 1 1 0 15 -1 1 0 2
M424 831l1 2 0 52
M603 831l-1 -1 -5 0 -2 2
M604 831l6 0 9 8
M649 831l0 54 2 3
M1442 831l-5 0 -9 8
M1443 831l1 -1 7 0 3 3
M1487 831l0 12 1 1 0 42
M1780 831l0 20 1 1
M1801 831l8 0
M1810 831l1 -1 7 0 1 1 2 0
M1823 831l2 0 1 -1 5 0 1 1
M1833 831l7 0
M1849 831l-1 1 0 4 1 1 0 10
M204 832l0 8 -1 1 1 8
M211 832l0 6
M222 832l1 1 0 16
M243 832l1 1 0 2 -1 1 0 2 1 1 0 10
M253 832l1 17
M264 832l0 2 1 1 0 14
M571 832l-1 1 0 64 2 2
M572 832l5 0 2 2
M594 832l-1 -1 -10 0 -3 3
M603 832l0 60
M840 832l-2 1 -5 5 0 1
M841 832l1 1 51 0 1 1
M1208 832l-1 1 -18 0 -1 1 -27 0 -1 -1 -6 1
M1443 832l1 2 0 51 -1 1 0 7 -2 1 -4 -2
M1800 832l1 1 0 5 -1 1 0 6 1 1 0 3
M1810 832l0 5
M1822 832l0 5 -1 1 1 12
M1832 832l0 3 1 1
M1841 832l0 17
M595 833l0 15 -1 1 1 2 -1 42 1 1
M898 833l252 0
M1330 833l4 -4 2 0 1 -1 4 0 1 1 7 2 9 9
M1454 833l1 -1 9 0 5 4
M1454 833l-1 2 0 5 1 1 0 22 -1 1 0 25 -1 1 0 7
M718 834l-6 -5 -10 0 -2 1 -9 9
M718 834l-5 5 0 2 -2 4 -5 5
M1227 834l4 0 1 1 2 0 5 3 3 3
M1329 834l0 1 5 5 0 2 4 4
M579 835l0 9 1 1 0 16 -1 1 0 18 1 2 -1 1 0 9
M822 835l-4 2 -3 0 -8 5
M1153 835l-1 1 0 3
M804 836l-4 2
M823 836l0 29
M783 837l-4 4 -5 2
M805 837l0 4 1 1
M1469 837l0 57
M799 838l-2 0 -2 2 -3 1 -2 2 -3 1 -4 3
M1249 838l2 0 4 3 3 1 2 2 1 0 2 2 0 1
M1265 838l3 3 1 0 8 6 13 6
M800 839l0 7 -2 3 -2 0 -2 2 -3 1 -3 3 -3 1
M895 839l2 0 1 1 24 0
M1225 839l-1 1 -1 4
M1226 839l4 1
M1248 839l-1 10 1 1 3 0 2 1
M619 840l0 39
M690 840l-5 0 -1 1 -2 0 -2 2
M834 840l10 0 1 1 3 0
M883 840l8 0
M926 840l19 0
M1123 840l28 0
M1155 840l12 0
M1196 840l7 0 1 -1 11 0 2 2 0 3
M1358 840l5 0 3 2
M1358 840l-11 11 -7 0
M1427 840l0 39
M691 841l9 9 2 1 3 0
M1366 842l9 0
M1366 842l-10 10 -1 2
M671 843l9 0
M680 843l11 11 -1 4
M772 843l-4 0 -3 2
M806 843l-1 1 0 3 -1 2
M670 844l-2 2 0 3 -3 3 -2 4 -1 8 -2 3 0 3 -1 1 0 5
M773 844l-2 3 -3 1 -2 2 -14 7 -4 1 -2 2 -7 3 -2 2 -8 4 -2 0 -1 1 -8 2 -3 2 -2 0 -2 2 -1 0 -2 3 -7 2 -2 2 -3 1 -3 3 -6 3 -4 0 -1 1 -4 0 -1 1 -8 0 -1 1 -3 0 -4 2 -14 0
M211 845l0 3 1 1
M829 845l61 0
M893 845l260 0
M1157 845l59 0
M1218 845l4 0
M891 846l0 4
M1156 846l0 4
M1254 846l4 1 1 1 3 0
M782 848l-2 0 -6 3 -2 2 -4 2 -3 4
M783 849l0 6 1 1
M204 850l-1 1 0 26 1 1
M205 850l2 1 3 0 1 -1
M213 850l2 0 1 1 5 0 1 -1
M224 850l19 0
M245 850l8 0
M255 850l9 0
M293 850l47 0
M342 850l15 0
M359 850l44 0
M759 850l-12 1
M1222 850l-3 0 -1 1 -16 0 -1 1 -30 0 -1 -1 -10 0 -1 1
M1267 850l3 0 12 7 2 2 3 6
M1643 850l43 0
M1688 850l15 0
M1705 850l47 0
M1753 850l1 1 0 9 -1 1 0 18 1 1 0 7
M1802 850l3 0 1 1 3 0 1 -1 8 0 1 1 2 0
M1831 850l-2 1 -6 0
M1833 850l7 0
M1841 850l1 1 0 25 -1 1
M223 851l0 25
M244 851l0 25
M265 851l0 15 -1 1 0 9
M292 851l0 32 1 1 0 2
M404 851l0 25 -1 1 0 28 1 1 0 3
M829 851l57 0 1 1 1 -1 2 0
M892 851l263 0
M1223 851l0 6
M1266 851l1 1 0 5 -1 1
M1642 851l0 53 -3 3 -4 0
M1800 851l-14 -1 -4 2
M1302 852l-1 4
M1801 852l0 25
M1822 852l0 4 -1 1 0 15 1 1 0 4
M1159 853l0 4
M1291 853l3 2 2 0 4 2
M1781 853l-1 2 0 20 1 2
M1259 856l6 3
M784 857l-1 2 -4 0 -9 5 -2 0
M1301 857l7 6 9 2 5 5 7 2 4 4 3 0 1 1
M1158 858l-214 0 -1 1 -44 0 -1 -1 -10 0 -1 1
M1222 858l-10 0 -1 1 -35 0 -1 -1 -14 0 -1 1
M765 859l-3 0 -3 3 0 10 -3 2 -8 2
M765 859l1 1 0 3 1 1
M829 859l1 -1 4 0 1 1 9 0 1 -1 15 0 1 1 22 -1 1 1 2 0
M1160 859l1 5
M1223 859l0 4 1 1
M1266 859l4 4 3 0 7 4 6 0
M887 860l0 3 -1 1
M1712 861l1 -1 7 0 2 2
M1723 863l2 0 6 6 0 1 4 3 1 3 5 4 2 5
M886 864l-1 1 -8 0 -1 1 -2 0
M886 864l1 1 273 0
M767 865l0 2 -2 3 0 6
M823 865l-1 1 -7 0 -1 1 -2 0 -6 3 -2 2
M1162 865l10 0 1 1
M1223 865l-3 0 -1 1 -5 0 -1 1 -3 0 -1 1 -16 0 -1 1
M1225 865l7 0 6 3 2 2 3 1 2 2
M827 866l1 -1 27 0 1 1 3 0
M861 866l11 0
M1175 866l9 0 1 1 3 0 3 2
M827 867l2 2 5 0 1 1 15 0 1 1 3 0
M860 867l-1 3 -1 1 -2 0
M873 867l-1 2 0 3 -1 1
M1174 867l0 3 2 4
M1299 867l3 0 10 5 6 5
M1298 868l0 6
M1702 868l0 -1 2 -2 4 0 6 4
M1849 868l0 22 -1 1 0 11
M1286 869l-3 4 1 2
M1288 869l2 2 0 2 2 2 5 1
M1338 869l-1 2 1 5
M747 872l0 -4 -2 -1 -9 4 -2 2 -3 1 -4 3
M855 872l0 1 -5 4
M746 873l-5 2 -2 2 -3 1 -2 2 -4 2
M803 873l-1 1 -5 1 -10 6
M804 874l2 2 14 0
M871 874l1 1 3 0 1 1 246 0
M1190 874l-1 1 -9 0
M1192 874l5 4
M1244 874l-1 1 -22 0 -1 1 -14 0 -1 1 -6 0 -1 1
M1246 874l13 6 2 3
M867 875l-6 0 -1 1
M1124 875l46 0 1 1 3 0 1 -1
M1299 875l3 0 4 2
M834 876l12 0 2 1
M868 876l-1 1 0 5
M1179 876l0 4 1 1 0 2
M224 877l19 0
M245 877l18 0
M659 877l-1 1 0 4 -1 1 0 2 -2 2 -4 1
M660 877l6 0
M1298 877l4 5 2 0 4 2
M1319 877l5 1 13 8
M1338 877l3 3 4 1 2 2 7 3 2 2 8 4 2 0 1 1 7 0 1 -1
M1827 877l2 1 11 0
M205 878l15 0
M223 878l1 1 0 16 -1 1
M244 878l0 19
M264 878l0 15 -2 4 -2 0 -1 1 -14 0 -1 -1
M727 878l0 3 1 1
M849 878l0 4
M1318 878l0 4 -1 1
M1782 878l15 0 2 2
M1802 878l19 0
M204 879l0 5 -1 1 0 12 1 1 11 0 1 -1 3 0
M221 879l0 4 -1 1 0 12
M1309 879l7 4
M1781 879l0 5 -1 1 0 9
M1822 879l0 6 -1 1 0 10
M1841 879l1 2 0 16 -1 1 -7 0 -1 -1 -11 0
M618 880l-7 7 0 3
M620 880l8 9 0 4
M719 880l-2 0 -8 6
M746 880l-16 8
M746 880l1 1 0 3 1 1
M1426 880l-7 7 -1 2 0 4
M1428 880l8 8 0 3
M1800 881l-1 2 0 12
M786 882l-4 1 -2 2 -5 2 -3 3
M787 882l4 2 49 0 1 1
M727 883l-2 0 -6 5 -8 3
M848 883l-3 0 -3 2
M849 883l1 1 9 0 1 1
M866 883l-2 1 -3 0 -1 1
M868 883l2 0 1 1 308 0
M1198 883l-3 0 -1 1 -7 0 -1 1
M1200 883l4 1
M1728 883l1 1 3 0 1 1 3 0 1 1 5 0
M1181 884l3 0 1 1
M1206 884l54 0
M1262 884l4 0 2 2 5 2 3 3
M1870 884l15 0
M1923 884l4 -1 1 -1 5 0 1 1 3 0 1 1 3 0 3 2 2 0 4 2 2 2 3 1 6 6 1 3 2 1
M860 885l-1 1 0 3 -1 2
M1205 885l3 6
M1869 885l0 18
M1886 885l0 3 1 1 0 14 -2 2
M160 886l1 -1 13 0 1 1
M426 886l51 0
M841 886l-4 5 0 1
M1186 886l3 5
M1380 886l-3 2 -2 4
M1564 886l43 0 1 1 7 0
M1744 886l9 2
M159 887l-1 2 0 8
M176 887l0 2 1 1 0 8 -1 1 0 4
M292 887l-4 4 -3 5
M294 887l1 -1 4 0 2 2 1 -1
M425 887l0 16
M503 887l36 0
M541 887l16 0
M708 887l-2 0 -8 4 -9 7
M1312 887l6 1
M1320 887l1 -1 2 0 1 1 2 0 7 3 3 0
M1338 887l2 0 12 6 6 5
M1489 887l16 0
M1507 887l35 0
M1563 887l0 16
M502 888l0 15
M540 888l0 15
M558 888l0 14 1 1
M1488 888l0 3 -1 1 0 10
M1506 888l0 15
M1543 888l0 15
M1754 888l6 6 1 2
M132 889l2 0 1 1 5 0
M729 889l-2 2 -4 0 -2 2 -5 2 -2 2 -4 2
M1906 889l9 0
M141 890l3 3 5 1 3 2
M1320 890l2 2 2 0 11 6 2 0
M1905 890l0 3 -1 1
M611 891l2 2 4 0
M771 891l-1 1 -3 0 -8 4 -2 2 -1 0 -2 3
M772 891l1 1 10 0 1 1 16 0 1 -1 31 0 1 1
M1318 891l0 4
M1337 891l1 6
M610 892l-1 1 -5 0
M710 892l-1 2 0 4
M857 892l-2 0 -3 2
M858 892l1 1 209 0
M1188 892l-1 1 -38 0 -1 1 -13 0
M1207 892l-4 0 -1 1 -8 0
M1209 892l4 1
M1275 892l-60 0 -1 1
M1277 892l9 3 6 5
M1375 892l3 3 9 0
M1435 892l-1 1 -5 0 -1 1
M579 893l-1 1 0 3
M580 893l3 3 2 1 4 0 1 1
M603 893l-1 1 -6 0
M838 893l13 0 1 1
M270 894l15 2
M628 894l-2 2 -4 2 -2 0 -3 3
M629 894l16 0 1 1
M833 894l-2 4
M852 894l-1 1 0 4 -1 1
M1193 894l1 1 0 3 1 1
M1214 894l3 5
M1417 894l-14 0 -1 1
M1419 894l2 2 5 2 1 2
M1780 894l-1 1 -2 -1 -3 0 -1 1 -4 0 -1 1 -6 1
M1780 894l2 2 2 0 4 2
M1904 894l-12 2
M1389 895l11 0
M1468 895l-3 3 -4 1
M1470 895l7 7 2 1 7 0
M646 896l-1 4 -1 1
M704 896l-5 4 -4 2 -5 1
M1401 896l1 1 1 5
M1798 896l-1 1 -5 0 -2 1
M1800 896l2 1 18 0
M153 897l1 1 3 0
M223 897l1 1 19 0 1 -1
M1654 897l5 0 1 2 -1 2 -2 2 -2 0 -2 2 0 1 3 3 8 0 1 1 2 0 1 2 -3 4 -4 -1 -1 1 -8 0 -1 1
M152 898l-4 5
M577 898l-1 1 -3 0
M579 898l3 4 4 0 1 1
M595 898l2 2 18 0 1 1
M687 898l-3 0 -4 4 0 17 -2 2 -2 0 -3 2 -2 0 -7 3
M1359 898l4 1 4 4
M1451 898l-3 0 -4 2 -10 -1 -2 2
M1453 898l4 0 2 1
M158 899l0 2 3 4
M590 899l0 1 -3 3
M709 899l-3 3 -3 0 -6 4 -7 2
M830 899l-4 1 -3 2
M832 899l2 1 10 -1 1 1
M1342 899l4 0 2 1
M1358 899l0 4 -1 1
M1789 899l0 3 1 1 3 0 1 1 36 0 1 -1 16 0
M572 900l-3 3 -7 0 -2 1
M850 900l1 1 341 0 2 -1
M1196 900l3 0 1 1
M1216 900l-14 0 -1 1
M1218 900l4 1
M1341 900l3 3 6 3 2 2 6 1
M1460 900l0 5 1 1 0 2 4 5
M754 901l-7 2 -4 2 -3 3
M754 901l1 1 3 0 1 -1 62 0 1 1
M846 901l-2 5 -2 2
M1223 901l1 -1 2 1 57 0 1 1 6 0 1 -1
M1293 901l3 0 10 5 2 2
M1427 901l-1 1 -20 0 -1 1
M618 902l23 0 1 1
M645 902l7 0 1 1 24 0
M1201 902l2 6
M1223 902l3 5
M1351 902l4 1 1 1
M1430 902l0 11 1 1 0 7
M1432 902l1 1 0 4 1 1 0 4 1 1 0 7 1 1 0 3
M81 903l0 2 -1 1 0 4 3 4
M141 903l5 0
M196 903l-1 1 -18 0
M197 903l52 0 1 1 4 0 1 1 0 4 -4 5
M587 903l-1 5 -4 3
M822 903l-2 4
M1368 903l34 0
M1487 903l1 1 17 0
M1621 903l-1 1 -3 0 -1 -1 -43 0 -1 1 -8 0
M1622 903l6 0 1 1 2 -1
M1632 903l3 4
M1848 903l1 1 19 0
M147 904l0 6 -1 1
M175 904l-10 0 -1 1 -3 0
M410 904l3 0 1 1
M416 904l8 0
M426 904l55 0
M483 904l18 0
M503 904l36 0
M541 904l17 0
M642 904l0 20
M1367 904l0 10 -1 1 0 4 7 4 2 0 4 2 3 0 1 1
M1405 904l0 19
M1507 904l35 0
M1544 904l18 0
M1870 904l8 0 1 1 4 0
M1896 904l1 4 1 1 0 3
M161 905l-1 1 0 2 3 2 13 0 2 2
M614 906l-1 1 -1 6 -1 1 -1 10
M615 906l1 1 -1 13
M1884 906l0 5 -1 1
M1635 907l-3 3 -3 0 -1 -1 -2 0 -1 1 -21 0 -1 -1 -12 0 -1 1 -34 0 -5 4
M689 908l-1 2 -3 3 -1 0
M819 908l-3 2 -2 0
M821 908l2 0 1 1 12 0
M1225 908l-1 1 -14 0 -1 1
M1227 908l5 2
M141 909l3 3
M413 909l-1 1 -7 0
M414 909l1 1 121 0 1 -1 38 0 2 2
M739 909l-3 0 -8 4 -2 2
M740 909l1 1 33 0 1 -1 37 0 1 1
M842 909l1 1 42 0 1 1 301 -1 1 -1 14 0
M1204 909l3 0 1 1
M1308 909l-1 1 -32 0 -1 -1 -40 0 -1 1
M1309 909l1 1 3 0 6 3 2 2
M1359 909l2 3 0 2
M1925 909l-1 0 -2 2 0 2 -1 1
M156 910l0 4
M837 910l-3 6
M1688 910l-1 2 0 6 -1 1
M1792 910l5 0
M1799 910l77 0 3 3
M103 911l3 3
M360 911l-1 4 -1 1 0 6
M404 911l-1 1 0 5
M577 911l-3 3 -8 0 -1 1 -23 0 -1 1 -19 0 -1 1 -46 0 -1 1 -53 0 -1 1 -15 0
M813 911l-3 5
M1209 911l1 5
M1233 911l2 5
M1798 911l1 4 2 2
M144 912l-3 3 -14 0 -1 1 -8 0 -1 -1
M179 912l2 -1 14 0 1 -1 51 0 4 4
M260 912l-2 0 -5 5
M581 912l0 8 -2 3 -6 0 -2 -1 -1 1 -27 0 -1 1 -37 1 -1 1 -22 0 -1 1 -28 0 -1 1 -30 0 -1 1 -19 0
M1737 912l-6 5 -1 3
M1942 912l-1 0 -2 2 0 1
M146 913l4 2 5 0 1 -1
M1466 913l52 0 1 1 31 0
M1759 913l-1 4 -1 1
M1884 913l1 1 10 0 2 -1
M1899 913l8 1 1 1 12 0
M92 914l-1 1 -7 0
M93 914l1 1 5 0 1 1 4 0 2 -2
M109 914l1 1 6 0
M156 914l1 1 4 0 1 -1 11 0 3 3
M280 914l-2 3 0 2
M1465 914l0 5 2 3 16 0 1 1 31 1 1 1 19 0 1 1 46 1 1 1 39 0 1 1 21 0
M1786 914l2 2 0 2
M82 915l-2 2 -7 1 -3 2
M340 915l-1 0 -3 3 -1 3
M1551 915l2 2 12 0
M1921 915l1 1 5 0 1 -1 10 1
M263 916l0 5
M321 916l-4 0 -2 3 0 2
M325 916l2 2 1 3
M368 916l1 0 5 5
M725 916l-3 0 -4 2 -2 2 -11 5 -2 3
M726 916l1 1 11 0 1 1 33 0 1 -1 31 0 1 1
M834 916l-2 0 -4 2
M834 916l1 1 374 0
M1320 916l-1 1 -25 0 -1 1 -6 0 -1 -1 -43 0 -1 1
M1322 916l4 1 14 7 3 3
M1878 916l-1 1 -4 0
M1879 916l3 3 14 1 1 1 15 0 1 1 59 0 2 -2
M1940 916l27 0 7 3
M179 917l47 0
M226 917l2 -2 4 0 1 -1 11 0 4 3
M226 917l1 1 11 0 2 3
M248 917l-3 3 -2 0 -1 1
M253 917l2 2 0 2
M294 917l-2 4
M809 917l-4 1
M811 917l15 0 1 1
M1211 917l5 0 1 1
M1234 917l-15 0 -1 1
M1236 917l4 0 1 1
M1565 917l2 -2 15 0 1 1 52 0 1 1 8 0
M1565 917l4 3 33 0 1 1 6 0
M1646 917l4 0
M1801 917l-4 3 -6 0 -2 -1
M1804 917l1 -1 21 0 1 1 7 0 1 -1 23 0 1 1 12 0
M174 918l-6 0 -1 1 -6 0 -1 1 -11 0 -1 1 -15 0 -1 1 -61 0 -1 -1
M402 918l-10 -1 -1 1 -7 0 -1 1 -3 0 -3 2 -3 0
M805 918l-5 6
M1651 918l1 1 3 0 4 2 3 0 7 3 7 0 1 -1
M1765 918l2 2 4 2
M1804 918l4 4 0 1
M1872 918l2 4 4 1 11 6
M175 919l0 1 -2 2 -8 4 -4 1
M1242 919l3 5
M1675 919l2 4
M1788 919l-1 1 -3 0 -2 2
M277 920l-3 2 -10 0
M278 920l3 2 10 0
M404 920l-2 3 0 3 -1 2
M1687 920l4 0
M1693 920l2 0 1 1 4 0 3 -2 2 2 5 0 1 -1
M1712 920l11 0 1 1 5 0
M1755 920l-10 0 -1 -1 -5 0 -1 1 -4 0 -1 1 -2 0
M1975 920l1 1 3 0 1 1 0 3 -1 1 0 9
M69 921l-2 1 0 2 -1 1 0 10
M374 921l-2 2 -13 0
M1644 921l-1 1 -10 0 -1 -1 -14 0 -1 1 -2 0
M255 922l-3 3 -10 0 -1 -1
M256 922l6 0
M292 922l1 1 21 -1
M315 922l1 1 11 0 1 -1
M329 922l5 0
M335 922l1 1 8 0 1 -1 2 1 10 0
M1219 922l8 4
M1645 922l0 6
M1782 922l-7 0 -1 1 -2 0
M1782 922l3 3 21 0 1 -1
M826 923l-2 0 -4 3
M828 923l6 0 1 1 43 0 1 1 26 0
M1217 923l-1 1 -70 0
M1677 923l6 0
M1771 923l-2 2 -44 0 -1 1 -16 0 -1 -1 -22 0 -1 -1
M240 924l-6 1 -2 4
M907 924l203 0
M1404 924l-1 1 -11 0 -1 1 -6 0
M1405 924l1 1 29 0
M1809 924l1 0 2 2 2 4
M611 925l15 0 1 1 13 0 1 -1
M642 925l1 1 20 0
M799 925l-3 1 -2 2
M801 925l14 0 1 1 2 0
M1245 925l-1 1 -16 0
M1246 925l3 1 2 2
M1436 925l2 2 0 3 1 1 0 6 1 2
M609 926l-1 1 -1 8 -1 1 0 4 1 1 17 0 1 1 38 0 1 -1
M664 927l0 13
M1384 927l-1 1 0 13
M703 928l-7 2 -2 3
M703 928l1 1 2 -1 78 0 1 -1 8 1
M820 928l18 0 1 1 153 0 1 1 62 0
M1251 928l1 -1 22 0 1 1 49 0 1 1 17 0 1 -1
M1251 928l0 5
M1344 928l1 1 6 1 4 3
M401 929l-1 1 -5 1 -3 2 -2 0 -4 2 -8 1 -1 1 -10 0 -1 1 -132 0
M1226 929l-2 1 -68 0
M1645 929l3 2 2 0 1 1 2 0 7 3 3 0 1 1 3 0 1 1 10 0 1 1 19 0 1 -1 99 0 1 1 13 0
M231 930l-13 0 -1 1 -20 0 -1 1 -23 0 -1 1 -25 0 -1 1 -27 0 -1 1 -49 0 -2 1
M232 930l1 1 0 6
M1814 930l15 0 1 1 14 0 1 1 24 0 1 1 34 0 1 1 28 0 1 1 32 0 1 1 11 0
M1814 930l-1 1 0 6
M794 933l-1 1 -16 0 -1 1 -81 0 -1 -1
M795 933l2 1 5 0 1 -1 15 0
M820 933l391 0 1 1 14 0 1 -1
M1228 933l2 1 20 0
M693 934l-7 1 -1 1 -5 1 -3 2 -3 0 -1 1 -3 0 -1 1 -4 0
M1252 934l19 0 1 1 82 0 1 -1
M1356 934l6 3 3 0 1 1 3 0 7 3 6 1
M65 936l-44 0 -1 1 -5 0
M1980 936l46 0 1 1 5 0
M232 938l-36 1 -1 1 -39 0 -1 1 -137 0 -1 1 -4 0
M1814 938l53 1 1 1 37 0 1 1 123 0 1 1 2 0
M1439 940l-2 1 -18 0 -1 1 -34 0
M738 964l-1 -1 -33 0 -1 1 -7 0 -3 3
M798 964l-7 0 -1 1
M738 965l-1 2 -3 2
M739 965l3 3
M786 965l-2 -2 -30 0 -2 1 -3 4
M913 965l-88 0 -5 3 -5 0 -1 -1 -10 0 -1 1
M914 965l2 -2 209 0 2 2
M1127 965l43 0
M1127 965l-2 2 -101 0 -1 1 -108 -1 -1 -1
M1171 965l2 -2 11 0 2 2
M1186 965l42 0 4 2 3 0
M1186 965l-2 2 -12 0 -1 -1
M1259 965l2 -2 30 0 1 1 2 0 3 3
M1259 965l-1 0 -2 2 0 15 3 4
M1259 965l5 4
M790 966l0 18 -2 3 -3 1
M1309 966l2 -3 26 0 1 1 36 1 1 1 4 0 1 1
M1309 966l-4 3
M1309 966l4 3
M692 967l-1 1 -30 0
M659 968l-11 0 -1 1 -6 0
M693 968l1 1 6 0 1 1 6 0 1 -1 25 0
M749 968l-2 1 -4 0
M749 968l1 1 33 0
M1297 968l-1 1 -11 0 -1 1 -7 0 -1 -1 -12 0
M1298 968l2 1 4 0
M1380 968l-1 1 -64 0
M1381 968l4 0
M1387 968l12 0 1 1 7 0
M639 969l-19 0 -1 1 -9 0 -1 1 -14 0 -1 1 -10 0 -1 1 -11 0
M660 969l-1 1 0 12
M1264 969l-1 1 0 13
M1386 969l1 1 0 8 1 1 0 3
M1409 969l12 0 1 1 10 0 1 1 10 0 1 1 18 0 1 1 7 0
M640 970l-2 3 -3 1
M734 970l0 8 1 1
M742 970l0 6
M784 970l0 8 -1 1 0 4
M1305 970l0 4
M1314 970l0 8 -1 1
M1408 970l2 3 8 2
M1104 972l-161 0 -1 1
M1106 972l29 0 1 1 4 0 3 4 8 16 2 2
M548 973l-26 1 -1 1 -15 0 -1 1 -14 0 -1 1 -12 0 -1 1 -9 0 -1 1 -16 0 -1 1 -13 0 -1 1 -12 0 -1 1 -11 0 -1 1 -12 0 -1 1 -23 1 -1 1 -10 0 -1 1 -11 0 -1 1 -10 0 -1 1 -10 0 -1 1 -21 1 -1 1 -9 0 -1 1 -9 0 -1 1 -9 0 -1 1 -10 0 -1 1 -9 0 -1 1 -9 0 -1 1 -9 0 -1 1 -7 0 -1 1 -8 0 -1 1 -8 0 -1 1 -8 0 -1 1 -8 0 -1 1 -17 1 -1 1 -7 0 -1 1 -6 0 -1 1 -6 0 -1 1 -7 0 -1 1 -6 0 -1 1 -6 0 -1 1 -6 0 -1 1 -6 0 -1 1 -6 0 -1 1 -5 0 -1 1 -5 0 -1 1 -6 0 -1 1 -4 0 -1 1 -5 0 -1 1 -4 0 -1 1 -4 0 -1 1 -4 0 -1 1 -3 0 -1 1 -8 1 -1 1 -8 2 -2 3
M550 973l3 0 1 -1 5 0 2 2
M572 973l-1 -1 -5 0 -2 2
M572 973l-2 2 -5 0 -1 -1
M942 973l-1 -1 -33 0 -4 4 -5 10 -2 2 -2 5 -3 3
M942 973l-1 1 0 4 -3 6 -2 8 -2 3 0 2 -3 6 -2 8 -2 3 -4 14 -2 3 0 2 -1 1 0 2 -1 1 0 2 -1 1 0 2 -1 1 0 2 -1 1 0 2 -1 1 0 2 -1 1 0 2 -1 1 0 2 -1 1 0 2 -1 1 0 2 -3 7 0 3 -2 4 0 3
M1105 973l0 2 1 1 0 2 1 1 0 2 1 1 4 14 2 3 3 11 2 3 2 8 2 3 0 2 1 1 0 2 1 1 4 14 2 3 0 2 1 1 0 2 1 1 0 2 1 1 0 2 1 1 0 2 3 7 0 3 2 4 0 5
M1471 973l1 -1 9 0 1 1
M1483 973l14 0
M1499 973l2 1 34 1 1 1 14 0 1 1 13 0 1 1 14 0 1 1 13 0 1 1 14 0 1 1 12 0 1 1 25 1 1 1 11 0 1 1 11 0 1 1 10 0 1 1 11 0 1 1 23 1 1 1 20 1 1 1 20 1 1 1 9 0 1 1 10 0 1 1 18 1 1 1 8 0 1 1 9 0 1 1 8 0 1 1 9 0 1 1 7 0 1 1 8 0 1 1 8 0 1 1 7 0 1 1 7 0 1 1 8 0 1 1 6 0 1 1 7 0 1 1 6 0 1 1 6 0 1 1 6 0 1 1 5 0 1 1 6 0 1 1 5 0 1 1 11 1 1 1 4 0 1 1 5 0 1 1 4 0 1 1 9 1 1 1 3 0 1 1 3 0 1 1 4 0 4 2 3 0 2 2
M561 974l-2 2 -9 0
M1471 974l1 1 9 0
M1306 975l6 5
M1483 975l1 1 13 0
M549 976l-1 1 -20 1 -1 1 -10 0 -1 1 -10 0 -1 1 -11 0 -1 1 -17 0 -1 1 -10 0 -1 1 -11 0 -1 1 -21 1 -1 1 -20 1 -1 1 -9 0 -1 1 -10 0 -1 1 -9 0 -1 1 -9 0 -1 1 -10 0 -1 1 -9 0 -1 1 -18 1 -1 1 -8 0 -1 1 -8 0 -1 1 -8 0 -1 1 -8 0 -1 1 -8 0 -1 1 -8 0 -1 1 -8 0 -1 1 -15 1 -1 1 -6 0 -1 1 -7 0 -1 1 -7 0 -1 1 -6 0 -1 1 -6 0 -1 1 -6 0 -1 1 -13 1 -1 1 -5 0 -1 1 -5 0 -1 1 -12 1 -1 1 -11 1 -1 1 -4 0 -1 1 -11 1 -1 1 -10 1 -1 1 -4 0 -1 1 -5 0 -1 1 -3 0 -1 1 -5 0 -1 1 -3 0 -1 1 -4 0 -1 1 -3 0 -1 1 -4 0 -1 1 -6 1 -3 2
M1304 976l0 2 -1 1 0 4 -2 2
M1498 976l1 1 9 0 1 1 11 0 1 1 25 1 1 1 10 0 1 1 10 0 1 1 22 1 1 1 10 0 1 1 10 0 1 1 10 0 1 1 10 0 1 1 11 0 1 1 9 0 1 1 9 0 1 1 11 0 1 1 10 0 1 1 9 0 1 1 10 0 1 1 9 0 1 1 10 0 1 1 8 0 1 1 8 0 1 1 7 0 1 1 8 0 1 1 7 0 1 1 15 1 1 1 14 1 1 1 6 0 1 1 7 0 1 1 6 0 1 1 6 0 1 1 7 0 1 1 6 0 1 1 6 0 1 1 6 0 1 1 6 0 1 1 5 0 1 1 5 0 1 1 5 0 1 1 5 0 1 1 11 1 1 1 4 0 1 1 10 1 1 1 4 0 1 1 3 0 1 1 9 1 1 1 3 0 1 1 11 2 4 2 3 0 7 3
M741 977l-1 1 -4 1
M742 977l1 1 0 5
M1431 979l4 0 3 2
M735 980l-2 2 -3 0 -1 1 -17 0 -1 -1 -3 0 -1 1 -8 0 -2 1
M1313 981l2 2 25 0
M1438 981l2 1 11 0 1 1 10 1
M1438 981l-2 2 -6 0
M619 983l-7 0 -2 -2 -1 0 -1 1 -14 0 -1 1 -7 0 -1 1 -4 0 -1 1 -2 0 -10 5 -2 2 -8 4 -10 7 -7 3 -6 6 -8 2 -4 4 -2 0
M659 983l-1 1 -26 1 -2 2
M660 983l15 0 1 1 15 -1 1 1 3 0
M1342 983l6 0 2 1
M1387 983l-35 0 -1 1
M744 984l5 0 1 -1 28 0 1 1 3 0
M1264 984l8 0 1 -1 20 0 4 2
M1341 984l0 20 1 1
M1395 985l19 0 1 1 6 1 3 3
M1297 986l-2 2 -17 0 -1 1 -11 0
M1301 986l7 4 2 2 0 1
M1468 986l2 0 8 4 2 0 2 2 3 1 8 6 3 1 17 12 3 1 2 2 3 0
M630 987l-2 0 -5 3
M630 987l2 2 14 0
M1260 987l4 2
M706 988l0 4 -1 1 0 12
M744 988l26 0 1 1 4 0 2 2 0 2
M694 989l-3 0 -4 2
M1352 989l2 0 5 3
M695 990l0 6 -3 6
M1351 990l0 3 1 1 0 3 1 1 0 4
M1424 990l2 1 3 0 2 2 0 13
M1424 990l-4 2 -26 0
M622 991l-1 1 -3 0 -1 1 0 13
M623 991l1 1 16 0 1 1 5 0 1 -1 35 0 1 -1 3 0
M687 992l0 2 -1 1 0 4 3 3
M1361 992l20 0
M1360 993l0 6 -3 3
M778 994l84 0 1 1 28 0 1 1
M1264 994l-109 0 -1 1
M1266 994l7 0 1 1
M1309 994l-32 0 -1 1
M1311 994l1 0 7 6 1 0 4 4 0 1
M772 996l-2 -2 -37 0 -10 10 0 1
M892 996l-3 8 -2 2 -2 5 -2 2 -2 5 -2 2 -3 7 -3 4
M1154 996l0 2 3 6 2 2 3 7 2 2 6 12 4 5
M771 997l-2 2 -2 4 0 2
M773 997l2 3 0 29
M1274 997l-2 2 0 29
M1275 997l4 4 1 4
M689 1003l-3 3 -15 0 -1 1 -3 0
M692 1003l4 3 8 0
M1353 1003l-3 3 -7 0
M1357 1003l2 2 2 0 1 1 11 0 1 1 3 0 2 1
M706 1006l16 0
M724 1006l24 0 1 1
M766 1006l-11 0 -1 1
M1281 1006l9 0 1 1
M1324 1006l-1 1 -5 0 -1 -1 -6 0 -1 1 -12 -1 -1 1
M1325 1006l16 0
M1529 1006l-2 0 -4 3 -1 5
M617 1007l-1 1 -40 0 -1 1 -3 0 -2 1 -2 3
M618 1007l11 0 3 2
M665 1007l-24 0 -3 2
M767 1007l0 11
M1280 1007l0 10 1 1
M1430 1007l-16 0 -2 2
M1431 1007l1 1 7 0 1 -1 23 0 1 1 5 0 1 1 3 0 1 1 2 0 2 2
M666 1008l-2 4 0 2
M749 1008l-1 3 -4 3 -6 0 -1 1 -72 0
M754 1008l0 19
M1292 1008l0 13
M1297 1008l6 6 2 1
M1380 1008l1 -1 26 0 3 2
M633 1009l4 0
M1380 1009l3 5
M1412 1009l2 2 9 4
M632 1010l-2 2 -5 2
M638 1010l0 3 2 4
M1410 1010l0 4 -1 1 0 2
M568 1013l-8 1 -1 1 0 20 1 1 64 0 1 -1
M568 1013l1 1 54 0
M1478 1013l-1 1 -25 0 -1 1 -20 0 -1 -1 -6 0 -1 1
M1479 1013l2 0 1 1 4 0 1 1 0 12 1 1 0 7 -1 1 -63 0 -1 -1
M624 1015l0 19 1 1
M663 1015l-2 0 -2 2
M1305 1015l34 0 1 -1 24 0 1 1 17 0
M1305 1015l-1 1 0 17 -1 1
M1384 1015l2 1 0 19 -1 1 -81 0 -1 -1
M1423 1015l0 19
M1522 1015l2 2 2 0
M640 1018l-1 1 0 5 1 1
M641 1018l17 0
M1391 1018l17 0
M1527 1018l3 3 1 0
M659 1019l1 1 0 15 1 1 82 0 1 -2
M766 1019l-2 0 -2 2 -1 0
M1281 1019l-1 1 0 8
M1282 1019l3 0 6 3
M1409 1019l0 6
M767 1020l0 7
M516 1022l-3 3 -2 0
M1532 1022l0 1 3 3 7 3 6 5 6 2
M1292 1023l0 3 1 1
M641 1025l8 0
M1399 1025l8 0 1 1
M509 1026l-6 6 -2 0 -3 2 -3 0 -1 1
M640 1026l-4 4 -3 1 -4 3 -4 1
M1409 1026l6 6 5 3 2 0
M744 1027l0 5
M753 1028l-6 5 -2 0
M755 1028l2 0 1 1 7 0 1 -1
M1292 1028l-2 0 -1 1 -8 0
M1294 1028l1 0 6 6 1 0
M767 1029l1 1 0 16 -2 3 -1 0 -2 2 -2 0
M1271 1029l-21 0 -1 1 -58 0 -1 1 -15 0 -1 1
M1272 1029l1 1 0 16 1 1
M776 1030l95 1
M1280 1030l-1 1 0 15
M2004 1030l-1 1 -11 3 -4 2 -4 4
M2005 1030l2 2 0 6 1 1 -2 2 -4 2 -2 0 -1 1 -4 0 -1 1 -7 0 -3 -3
M774 1031l0 15 2 3
M41 1032l-1 1 0 6 7 5 13 1 3 -3
M42 1032l4 0 4 2 7 1 2 1 4 5
M872 1032l-1 1 0 3 -1 2 -2 2 -2 5 -2 2 -1 3 -2 2 -2 5 -2 2 -1 3 -2 2 -2 4
M1174 1032l0 2 5 7 2 5 5 7 2 5 7 10 2 5
M1559 1033l-4 3
M493 1035l-1 1 0 2 -3 3 -2 0 -2 2 -3 0 -2 1 -3 5 -10 5 -6 5
M77 1037l-6 0 -6 5
M1555 1037l0 1 2 2 6 3 3 0 6 3
M1972 1037l5 0 1 1 2 0 3 3
M1972 1037l-2 2 -7 1 -6 6
M78 1038l4 2 4 0 5 6
M1587 1038l-2 2 -5 0 -1 1 -2 0 -4 5
M65 1043l3 4 4 2 5 1
M1944 1043l6 0 4 3
M1982 1043l-5 6 -3 0 -1 1 -9 0 -2 1 -5 -4
M1937 1044l-2 0 -6 6
M91 1047l-5 4 -7 0
M94 1047l4 -4 11 0 1 1 3 0 4 2 3 4
M94 1047l5 6 6 1 1 1 7 0 1 1 2 0 4 -4
M1280 1047l6 5 1 -1 5 0
M1573 1047l14 13
M1231 1048l-1 2 0 5 2 3 6 0
M1954 1048l-4 5 -2 1 -5 0 -1 1 -9 0 -4 -4
M730 1049l-2 2 -4 0 -1 1 -2 0
M791 1049l-1 0 -7 6 0 3 2 2 1 0
M122 1050l3 -3 13 0 1 1 4 1 4 5
M518 1050l1 0 5 6
M1259 1050l0 4 2 3
M1902 1051l4 -3 2 0 1 -1 7 0 1 -1 6 1 4 4
M1927 1051l-5 6 -2 0 -1 1 -7 0 -1 1 -6 0
M121 1052l5 5 4 1 1 1 11 0 5 -5
M529 1052l-5 4
M1438 1052l0 -2 2 -1 1 1 4 0 1 1 2 0 8 4
M1896 1052l-3 -3 -13 1 -1 1 -3 0 -6 6
M1896 1052l5 0
M1896 1052l-2 2 0 5
M453 1053l0 4
M1902 1053l2 2 0 3
M150 1054l4 -4 9 0 1 1 5 0 2 1 5 5
M673 1054l3 0 3 3 0 8 -1 1
M818 1054l5 0 2 4 0 3 -4 5
M150 1055l0 1 6 5 2 1 7 0 1 1 5 0 5 -5
M808 1055l0 4 1 1 5 1 3 3 4 2
M1224 1055l-2 2 0 4 4 4
M1434 1055l-2 1 0 9
M1522 1055l2 5
M524 1056l0 3 -1 2
M717 1056l-2 2 0 2
M553 1057l0 6
M750 1057l1 1 0 5 1 1 0 2
M1263 1057l3 0 1 1 0 8 1 1
M1497 1057l-1 2 0 5
M1869 1057l-4 -4 -15 0 -3 2 -2 0 -4 4
M178 1058l6 -5 8 0 1 1 5 0 2 1 5 5
M178 1058l3 3 0 1 3 2 3 0 1 1 7 0 1 1 4 0 5 -5
M453 1058l-3 2 -7 0 -1 1 -11 0
M454 1058l2 1 4 0
M501 1058l1 1 3 0
M615 1058l0 5 1 1 -1 2
M1262 1058l-1 4 -1 1
M1397 1058l1 2 0 3
M1424 1058l2 8
M1869 1058l-5 6 -2 0 -1 1 -9 0 -1 1 -3 0 -1 -1 -4 -1 -2 -2
M1870 1058l4 4 2 0 1 1 10 0 3 -2 3 0 1 -1
M506 1059l2 4
M620 1059l0 2 1 1 0 4
M1461 1059l1 4
M1540 1059l1 0 5 4
M1840 1059l-3 -3 -4 0 -1 -1 -10 0 -1 1 -4 0 -6 6
M1903 1059l-2 1 -6 0
M461 1060l1 2 32 1
M1440 1060l0 5
M1595 1060l-1 1 -6 0
M1596 1060l19 1
M207 1061l6 -6 2 0 1 1 11 0 1 1 2 0 2 2 1 0 3 3 0 1
M207 1061l4 5 2 1 3 0 1 1 12 0 2 1 5 -5
M586 1061l-4 3
M590 1061l1 4
M714 1061l-2 0 -8 6
M1334 1061l-1 1 -1 5
M1335 1061l7 4
M1355 1061l-1 1 0 4
M1587 1061l-1 1 -15 0 -1 1 -19 0 -1 -1
M522 1062l-6 0 -4 2 -3 0
M685 1062l0 5
M781 1062l0 1 -3 3
M1241 1062l-1 1 -8 0 -4 2
M1242 1062l8 3
M1309 1062l2 3 0 3
M1731 1062l6 0 1 1 3 0 1 1
M1753 1062l-5 0 -1 1 -4 0 -1 1
M1754 1062l3 -2 16 0 1 1 2 0 3 3
M1810 1062l-5 -4 -3 0 -1 -1 -5 0 -1 1 -6 0 -1 1 -3 0 -5 5
M1839 1062l-4 5 -3 0 -1 1 -14 0 -6 -5
M496 1063l2 1 9 0
M523 1063l3 2 8 0 1 -1 1 1 6 0
M740 1063l-1 5
M766 1063l0 4
M1546 1063l-2 2 -12 0 -1 1 -7 0 -1 -1
M1726 1063l-3 0 -4 2 -5 5
M1754 1063l0 5 -1 1
M1810 1063l-2 2 0 1 -5 4 -16 0 -1 -1 -2 0 -4 -4
M238 1064l7 -6 11 0 1 1 5 1 5 5
M238 1064l6 6 8 0 1 1 8 0 6 -6
M553 1064l-1 1 -8 0
M554 1064l6 0
M561 1064l2 2 13 0 3 -2 2 0
M1283 1064l-3 3
M1320 1064l-1 4
M1398 1064l-4 3 -8 0
M1399 1064l1 1 2 0 2 2 11 0
M1462 1064l-3 2 -18 0
M1463 1064l3 2 3 0
M1742 1064l-1 1 0 7
M269 1065l4 -4 3 0 1 -1 11 0 3 2 4 1 3 3 0 1
M582 1065l1 1 7 0
M1495 1065l-1 1 -23 0
M1497 1065l1 1 7 0 1 -1 17 0
M269 1066l4 4 7 3 13 0 5 -5
M592 1066l2 0 1 1 7 0 1 -1 12 0
M615 1066l1 1 4 0
M821 1066l-2 3 -40 0 -1 -1
M1227 1066l2 3 15 0 1 1 13 0 1 -1 7 0 2 -2
M1432 1066l-1 1 -4 0
M1433 1066l6 0
M1779 1066l-4 4 -4 2 -3 0 -1 1 -13 0 -1 -1
M361 1067l-4 -2 -5 0 -1 -1 -10 0 -7 6
M363 1067l1 -1 3 0 4 2
M622 1067l28 0 1 1 18 -1
M671 1067l6 0
M678 1067l1 1 5 0
M698 1067l-4 0 -1 1 -7 0
M698 1067l1 1 4 0
M752 1067l-1 1 -11 1
M753 1067l2 0 2 2 7 0 1 -1
M777 1067l-1 1 -9 0
M1268 1067l11 1
M1291 1067l2 -2 4 0 1 1 2 0 2 2
M1291 1067l-4 2 -6 0 -1 -1
M1291 1067l2 2 8 0
M1345 1067l2 -2 1 0 2 2
M1350 1067l-1 1 -3 0
M1354 1067l1 1 22 0 1 -1 6 0
M1417 1067l8 0
M302 1068l6 -6 3 0 1 1 14 0 2 1 4 5
M302 1068l6 7 19 0 5 -5
M362 1068l0 5
M372 1068l1 -1 3 0 1 -1 18 1 5 6
M705 1068l4 0 1 1 28 0
M1331 1068l-3 -1 -4 2 -4 0
M1333 1068l1 1 8 0 2 -1
M1746 1068l5 0 1 1
M371 1069l0 4 -1 1
M1303 1069l7 0
M1312 1069l6 0
M1712 1069l-6 -5 -18 0 -7 7
M334 1070l1 2 6 5 18 0 3 -3
M430 1070l-1 -1 -7 0 -1 -1 -11 0 -7 6
M432 1070l9 0 2 2
M1614 1070l-3 0 -1 1 -7 0
M1616 1070l1 -1 11 0 1 -1 5 0 1 1 3 0 1 1
M1640 1070l9 0
M1649 1070l3 -3 6 0 1 -1 15 0 5 5
M1649 1070l1 1 0 6
M1712 1070l-7 7 -12 0 -1 1 -5 0 -6 -6
M1714 1070l5 5 15 0 1 -1 5 0 1 -1
M431 1071l-1 1 0 3 1 1
M1602 1071l-1 -1 -18 0 -1 1 -3 0 -1 1
M1615 1071l0 9
M1639 1071l0 6
M443 1072l3 -2 17 0 1 1 4 1
M470 1072l11 0
M483 1072l19 0 5 3 3 3
M1577 1072l-10 0 -1 1
M1602 1072l-1 1 0 8
M1679 1072l-7 7 -21 0 -1 -1
M1752 1072l-3 2 -5 0 -2 -1
M469 1073l0 4 2 2
M482 1073l0 5 -1 1
M1565 1073l-1 -1 -15 0 -4 2 -3 0 -5 5
M1578 1073l0 3 -1 1
M363 1074l6 1
M400 1074l-6 5 -19 0 -5 -4
M403 1074l5 6 22 1
M442 1074l-2 2 -8 0
M443 1074l1 1 1 5
M541 1075l-2 -1 -19 0 -5 5
M543 1075l12 0
M557 1075l18 0 1 1 4 0 4 4 0 1
M542 1076l0 9
M556 1076l0 9
M615 1077l-3 0 -1 -1 -13 0 -1 1 -4 0 -5 5
M617 1077l2 1 9 0
M1566 1077l10 0
M630 1078l2 0 1 -1 17 0 7 6
M1565 1078l0 4
M1577 1078l0 4
M1639 1078l-2 3 -18 0 -1 1 -2 -1
M1640 1078l9 0
M510 1079l-5 5 -8 0 -1 1 -10 -1 -5 -3
M687 1079l-2 0 -1 -1 -17 0 -6 6
M689 1079l11 1
M1534 1079l-5 -5 -17 0 -1 1 -4 0 -2 1 -5 5
M1534 1079l-7 7 -2 0 -1 1 -10 0 -1 -1 -5 0 -1 -1 -4 -1 -3 -3
M471 1080l-3 3 -18 0 -1 -1 -3 0 -1 -1
M472 1080l8 0
M515 1080l4 4 2 1 3 0 1 1 16 0
M688 1080l1 2 0 3 2 2
M702 1080l1 -1 17 0 1 1 3 0 2 1 4 4
M1308 1080l-17 0 -1 1 -4 0 -6 5
M1310 1080l9 0
M1321 1080l1 -1 19 0 1 1 2 0
M1346 1080l9 0
M1357 1080l4 -2 19 0 4 2 3 3
M1496 1080l-4 -4 -21 0 -7 6
M1537 1080l5 5 16 0 1 -1 4 0 1 -1
M432 1081l12 0
M701 1081l0 4 -1 1
M905 1081l-17 0 -1 1 -2 0 -5 5
M907 1081l5 5
M1140 1081l-1 1 -2 0 -4 4
M1141 1081l19 0 5 5
M1309 1081l0 4 2 2
M1320 1081l0 4 -2 2
M1345 1081l0 4 2 2
M1356 1081l0 5
M1614 1081l-2 1 -10 0
M584 1082l-6 6 -8 0 -1 -1 -12 0 -1 -1
M588 1082l5 5 3 0 1 1 19 0
M617 1082l10 0
M628 1082l2 3 0 3
M806 1082l-1 -1 -10 0 -1 -1 -21 1 -5 5
M807 1082l4 -2 17 0 1 1 5 0 5 5
M1460 1082l-5 -5 -21 0 -7 6
M1496 1082l-5 5 -17 0 -1 1 -4 0 -5 -5
M1601 1082l-1 1 -8 0 -1 1 -13 -1
M616 1083l0 3 1 1
M806 1083l0 4 -1 1
M1390 1083l5 -5 3 0 1 -1 13 0 1 1 4 0 4 2 3 3
M1424 1083l-6 6 -22 0 -6 -5
M1460 1083l-5 5 -5 0 -1 1 -10 0 -1 -1 -7 0 -4 -4
M1566 1083l10 0
M657 1084l-5 5 -21 0
M661 1084l2 2 0 1 4 3 17 1 1 -1 3 0 3 -3
M1387 1084l-6 6 -22 0 -3 -2
M730 1085l-6 6 -19 0 -5 -3
M732 1085l7 -6 14 0 1 1 6 1 5 4
M543 1086l12 0
M732 1086l4 4 2 0 1 1 20 0 6 -5
M768 1086l4 4 2 0 3 2 4 0 1 1 13 -1 4 -3 5 0
M839 1086l-6 6 -3 0 -1 1 -20 -1 -4 -3
M842 1086l5 -5 6 0 1 -1 10 0 1 1 7 0 5 5
M950 1086l-6 -5 -22 0 -7 6
M952 1086l5 -5 23 0 5 5
M987 1086l5 -5 24 0 5 5
M1023 1086l5 -5 25 0 5 5
M1060 1086l5 -5 24 0 5 5
M1094 1086l-6 6 -3 0 -1 1 -19 0 -6 -6
M1096 1086l5 -5 25 0 5 5
M1131 1086l-5 5 -2 1 -5 0 -1 1 -11 0 -1 -1 -4 0 -6 -5
M1203 1086l-5 -5 -22 0 -6 6
M1203 1086l-6 6 -22 0 -5 -5
M1206 1086l5 -5 5 0 1 -1 11 0 1 1 6 0 6 5
M1279 1086l-7 -6 -15 0 -1 1 -5 0 -6 6
M691 1087l8 0
M842 1087l6 5 23 0 5 -5
M880 1087l5 5 22 0 5 -5
M915 1087l7 6 22 0 6 -6
M951 1087l6 6 22 0 6 -6
M986 1087l6 6 22 0 7 -6
M1022 1087l7 6 22 0 7 -6
M1133 1087l4 4 2 0 3 2 2 -1 16 0 5 -5
M1166 1087l4 0
M1206 1087l5 4 2 0 1 1 4 0 1 1 13 0 1 -1 3 0 5 -5
M1278 1087l-5 5 -7 0 -1 1 -15 -1 -5 -4
M1280 1087l3 3 2 0 1 1 4 0 1 1 6 0 1 -1 10 0 3 -3
M1355 1087l-2 0 -1 1 -4 0
M618 1088l3 0 1 1 7 0
M1312 1088l5 0
M1318 1088l4 3 6 0 1 1 4 0 1 -1 10 0 3 -3
M1667 604l0 -3 -1 -2 -6 -5 -5 1 -4 5 0 5 1 2 4 3 6 0 2 -1
M360 610l-1 0 -4 -4 -1 -2 0 -3 5 -6 4 -1 6 5 0 7 -1 2 -3 2
M342 597l-2 -2 -2 0 -1 -1 -5 2 -3 4 0 5 1 2 4 3 6 0 4 -4 0 -6
M1711 594l-5 2 -2 2 -2 4 1 4 4 4 7 0 4 -4 0 -7 -4 -4 -2 0
M1690 608l2 -2 0 -7 -6 -5 -2 0 -4 2 -3 4 0 5 5 5 6 0
M393 609l2 -2 0 -4 1 -1 -1 -1 0 -3 -5 -4 -4 0 -2 1 -4 5 0 5 5 5 6 0
M308 595l1 -1 3 0 4 2 2 3 0 7 -1 2 -3 2 -6 0 -2 -1 -3 -4 0 -5 1 -2 3 -3
